\footnotesize
\begin{table}
\centering
	\caption{Benelux emissions of AVOC and BVOC species in CB05. Emissions are in molecules~cm$^{-2}$~s$^{-1}$ and determined by multiplying the MCMv3.2 emissions from Tables~\ref{t:Belgium_MCM_emissions}--\ref{t:Luxembourg_MCM_emissions} by the allocated number of CB05 species from Table~\ref{t:CB05_NMVOC_allocations}.}%
\begin{tabular}{lllll}
	\hline \hline
	\textbf{CB05 Species} & \textbf{Belgium} & \textbf{Luxembourg} & \textbf{Netherlands} & \textbf{Total} \\

	\hline
	PAR & 1.80E+12 & 4.90E+12 & 2.10E+12 & 8.80E+12 \\
	OLE & 8.96E+10 & 2.70E+11 & 1.13E+11 & 4.73E+11 \\
	TOL & 6.55E+09 & 1.39E+10 & 7.51E+09 & 2.80E+10 \\
	XYL & 4.39E+09 & 8.50E+09 & 4.87E+09 & 1.78E+10 \\
	FORM & 2.41E+09 & 3.09E+09 & 3.44E+09 & 8.94E+09 \\
	ALD2 & 5.64E+08 & 8.88E+08 & 5.37E+08 & 1.99E+09 \\
	ALDX & 7.21E+08 & 6.35E+08 & 6.27E+08 & 1.98E+09 \\
	MEOH & 2.20E+09 & 2.40E+09 & 1.85E+09 & 6.45E+09 \\
	ETOH & 3.30E+09 & 2.51E+09 & 2.58E+09 & 8.39E+09 \\
	FACD & 9.28E+08 & 4.04E+07 & 4.74E+08 & 1.44E+09 \\
	AACD & 1.33E+09 & 5.61E+07 & 7.83E+08 & 2.17E+09 \\
	ETH & 3.78E+10 & 7.68E+09 & 9.39E+09 & 5.49E+10 \\
	ETHA & 4.91E+09 & 8.58E+08 & 7.96E+09 & 1.37E+10 \\
	IOLE & 3.87E+07 & 4.43E+05 & 9.05E+06 & 4.82E+07 \\
	ISOP & 3.35E+09 & 1.10E+10 & 0.00E+00 & 1.44E+10 \\
	TERP & 1.34E+09 & 3.89E+09 & 5.03E+08 & 5.73E+09 \\
	\hline Total & 1.96E+12 & 5.23E+12 & 2.25E+12 & 9.44E+12 \\
	\hline \hline
\end{tabular}
\label{t:CB05_NMVOC_emissions}
\end{table}